1	1
2	3
3	4
4	5
5	6
6	7
7	8
8	9
9	10
10	11
11	12
12	13
13	15
14	19
15	20
16	21
17	26
18	27
19	30
20	33
21	37
22	38
23	39
24	40
25	41
26	42
27	43
28	45
29	54
30	57
31	60
32	63
33	64
34	65
35	66
36	75
37	77
38	78
39	83
40	85
41	91
42	93
43	94
44	96
45	97
46	99
47	102
48	104
49	110
50	114
51	117
52	118
53	119
54	120
55	122
56	125
57	128
58	132
59	133
60	140
61	141
62	142
63	143
64	144
65	146
66	148
67	155
68	156
69	157
70	158
71	159
72	160
73	162
74	163
75	168
76	172
77	173
78	174
79	175
80	176
81	179
82	180
83	183
84	184
85	185
86	191
87	192
88	194
89	195
90	196
91	197
92	198
93	199
94	200
95	201
96	202
97	203
98	204
99	205
100	206
101	207
102	208
103	209
104	211
105	212
106	213
107	214
108	219
109	220
110	221
111	224
112	226
113	228
114	229
115	230
116	231
117	233
118	234
119	240
120	242
121	243
122	252
123	254
124	255
125	256
126	258
127	259
128	260
129	264
130	265
131	266
132	268
133	269
134	270
135	272
136	289
137	292
138	293
139	295
140	298
141	300
142	301
143	307
144	308
145	309
146	311
147	314
148	320
149	322
150	324
151	331
152	332
153	340
